Name : one_CL_3_y
Verification_runtime: 8.507s
Initial sets are: 
   car1 : [[0, 0, 1.5707963267948966, 200, 0], [0, 100, 1.5707963267948966, 200, 0]]
   car2 : [[5000, 0, 2.0003963267948963, 400, 0], [5000, 0, 2.0003963267948963, 400, 0]]
