Name : one_general_long_CL_2
Verification_runtime: 4.439s
Initial sets are: 
   car1 : [[-1000, 0, -1.5707963267948966, 200, 0], [1000, 0, 1.5707963267948966, 200, 0]]
   car2 : [[0, -5000, 1.5707963267948966, 400, 0], [0, -5000, 1.5707963267948966, 400, 0]]
