Name : initials_condition_3
Verification_runtime: 0.196s
Initial sets are: 
   car1 : [[-4000, -4000, -1.5707963267948966, 100, 0], [-3000, 2000, 1.5707963267948966, 200, 0]]
   car2 : [[-3000, -5000, -1.5707963267948966, 300, 0], [-1000, 5000, 1.5707963267948966, 400, 0]]
   initial_car1 : [-3560.692595597741, -592.9723081001671, 0.3394232502700578, 133.32315826930974, 0.0]
   initial_car2 : [-1252.4558587642514, -2618.2598114680854, -0.2535323625496837, 386.160683498723, 0.0]
