Name : one_CL_3_y
Verification_runtime: 26.341s
Initial sets are: 
   car1 : [[0, -100, 1.5707963267948966, 200, 0], [0, 100, 1.5707963267948966, 200, 0]]
   car2 : [[5000, 0, 2.0003963267948963, 400, 0], [5000, 0, 2.0003963267948963, 400, 0]]

Name : one_CL_3_y
Verification_runtime: 27.214s
Initial sets are: 
   car1 : [[0, -100, 1.5707963267948966, 200, 0], [0, 100, 1.5707963267948966, 200, 0]]
   car2 : [[5000, 0, 2.0003963267948963, 400, 0], [5000, 0, 2.0003963267948963, 400, 0]]
