Name : one_CL_1_y
Verification_runtime: 100.938s
Initial sets are: 
   car1 : [[0, -100, 1.5707963267948966, 200, 0], [0, 100, 1.5707963267948966, 200, 0]]
   car2 : [[-5000, 0, 1.1411963267948966, 400, 0], [-5000, 0, 1.1411963267948966, 400, 0]]
Name : one_CL_1_y
Verification_runtime: 99.700s
Initial sets are: 
   car1 : [[0, -100, 1.5707963267948966, 200, 0], [0, 100, 1.5707963267948966, 200, 0]]
   car2 : [[-5000, 0, 1.1411963267948966, 400, 0], [-5000, 0, 1.1411963267948966, 400, 0]]
