Name : initials_condition_5
Verification_runtime: 0.181s
Initial sets are: 
   car1 : [[-7000, -7000, -1.5707963267948966, 0, 0], [-6000, 4000, 1.5707963267948966, 200, 0]]
   car2 : [[-3000, -5000, -1.5707963267948966, 200, 0], [-1000, 5000, 1.5707963267948966, 400, 0]]
   initial_car1 : [-6717.816153315206, 200.87589258036314, 1.3219780669592822, 92.47372116694802, 0.0]
   initial_car2 : [-1204.2140552087862, -4884.567742195932, 0.346065848135954, 241.0975525249117, 0.0]
