Name : initials_condition_3
Verification_runtime: 0.176s
Initial sets are: 
   car1 : [[-4000, -4000, -1.5707963267948966, 100, 0], [-3000, 2000, 1.5707963267948966, 200, 0]]
   car2 : [[-3000, -5000, -1.5707963267948966, 300, 0], [-1000, 5000, 1.5707963267948966, 400, 0]]
   initial_car1 : [-3700.552257169814, 367.84428967786334, -0.4316835298394721, 145.001979778477, 0.0]
   initial_car2 : [-2824.604384364717, -2429.343340485117, 1.3312595100528144, 385.7515707957366, 0.0]
