Name : initials_condition_5
Verification_runtime: 0.128s
Initial sets are: 
   car1 : [[-7000, -7000, -1.5707963267948966, 0, 0], [-6000, 4000, 1.5707963267948966, 200, 0]]
   car2 : [[-3000, -5000, -1.5707963267948966, 200, 0], [-1000, 5000, 1.5707963267948966, 400, 0]]
   initial_car1 : [-6520.593746938122, 3662.047130149682, 0.7838650910620335, 1.6942645413878799, 0.0]
   initial_car2 : [-2691.1633246038464, -258.79810044359147, -1.320226511070215, 385.36350585575246, 0.0]
