Name : two_CL_1_x_y
Verification_runtime: 191.962s
Initial sets are: 
   car1 : [[-100, -100, 1.5707963267948966, 200, 0], [100, 100, 1.5707963267948966, 200, 0]]
   car2 : [[-5000, 0, 1.1411963267948966, 400, 0], [-5000, 0, 1.1411963267948966, 400, 0]]
