Name : initials_condition_3
Verification_runtime: 0.160s
Initial sets are: 
   car1 : [[-4000, -4000, -1.5707963267948966, 100, 0], [-3000, 2000, 1.5707963267948966, 200, 0]]
   car2 : [[-3000, -5000, -1.5707963267948966, 300, 0], [-1000, 5000, 1.5707963267948966, 400, 0]]
   initial_car1 : [-3439.6747050525782, 1108.0320263087306, 0.16124393729214526, 123.37278810392955, 0.0]
   initial_car2 : [-1804.2681800037967, 28.73030097780793, -1.413600253994787, 360.54025195687666, 0.0]
