Name : initials_condition_4
Verification_runtime: 0.180s
Initial sets are: 
   car1 : [[-4000, -4000, -1.5707963267948966, 300, 0], [-3000, 2000, 1.5707963267948966, 500, 0]]
   car2 : [[-3000, -5000, -1.5707963267948966, 400, 0], [-1000, 5000, 1.5707963267948966, 400, 0]]
   initial_car1 : [-3516.5521832803192, 59.978188787627005, 0.4736688181493678, 484.6241979875854, 0.0]
   initial_car2 : [-1852.547599556614, 620.9083989135679, -0.8906974550695179, 400.0, 0.0]
