Name : initials_condition_2
Verification_runtime: 0.250s
Initial sets are: 
   car1 : [[-2000, -4000, -1.5707963267948966, 200, 0], [-2000, 2000, 1.5707963267948966, 200, 0]]
   car2 : [[-2000, -5000, -1.5707963267948966, 200, 0], [2000, 5000, 1.5707963267948966, 400, 0]]
   initial_car1 : [-2000.0, 10.814472298382952, 1.170276340278261, 200.0, 0.0]
   initial_car2 : [-1167.1952146528174, -2555.6638087501337, 0.32172463581796085, 201.50143071579402, 0.0]
Name : initials_condition_2
Verification_runtime: 0.192s
Initial sets are: 
   car1 : [[-2000, -4000, -1.5707963267948966, 200, 0], [-2000, 2000, 1.5707963267948966, 200, 0]]
   car2 : [[-2000, -5000, -1.5707963267948966, 200, 0], [2000, 5000, 1.5707963267948966, 400, 0]]
   initial_car1 : [-2000.0, -2593.639475142539, -1.2583402857780561, 200.0, 0.0]
   initial_car2 : [-104.89255652270435, 1629.0084100404192, 0.7799115460765611, 328.48425197988945, 0.0]
Name : initials_condition_2
Verification_runtime: 0.383s
Initial sets are: 
   car1 : [[-2000, -4000, -1.5707963267948966, 200, 0], [-2000, 2000, 1.5707963267948966, 200, 0]]
   car2 : [[-2000, -5000, -1.5707963267948966, 200, 0], [2000, 5000, 1.5707963267948966, 400, 0]]
   initial_car1 : [-2000.0, -2393.17724436332, 0.8011950896216016, 200.0, 0.0]
   initial_car2 : [1202.3668453942332, 4203.064090805214, -0.8601051389926899, 331.3034384497743, 0.0]
