Name : initials_condition_1
Verification_runtime: 0.132s
Initial sets are: 
   car1 : [[-4000, -1000, -1.5707963267948966, 200, 0], [-3000, 1000, 1.5707963267948966, 100, 0]]
   car2 : [[-1000, -5000, -1.5707963267948966, 400, 0], [1000, 5000, 1.5707963267948966, 400, 0]]
   initial_car1 : [-3996.0219956614096, -763.3019860472364, 0.6755127584157998, 138.0316135112061, 0.0]
   initial_car2 : [427.4701213718902, 672.1602118884775, -1.1149520258246772, 400.0, 0.0]
Name : initials_condition_2
Verification_runtime: 0.160s
Initial sets are: 
   car1 : [[-2000, -4000, -1.5707963267948966, 200, 0], [-2000, 2000, 1.5707963267948966, 200, 0]]
   car2 : [[-2000, -5000, -1.5707963267948966, 400, 0], [2000, 5000, 1.5707963267948966, 400, 0]]
   initial_car1 : [-2000.0, 743.6407012206882, 1.2479212561085755, 200.0, 0.0]
   initial_car2 : [-1110.1502538105274, -4406.834454957936, 1.4999452372678097, 400.0, 0.0]
