Name : initials_condition_1
Verification_runtime: 0.122s
Initial sets are: 
   car1 : [[-4000, -1000, -1.5707963267948966, 200, 0], [-3000, 1000, 1.5707963267948966, 100, 0]]
   car2 : [[-1000, -5000, -1.5707963267948966, 400, 0], [1000, 5000, 1.5707963267948966, 400, 0]]
   initial_car1 : [-3569.2856888607653, 252.66661417843238, -0.14770288448010516, 136.41486824933483, 0.0]
   initial_car2 : [0.49726652003244, -2487.632308049479, -0.4885128575002713, 400.0, 0.0]
Name : initials_condition_2
Verification_runtime: 0.124s
Initial sets are: 
   car1 : [[-2000, -4000, -1.5707963267948966, 200, 0], [-2000, 2000, 1.5707963267948966, 200, 0]]
   car2 : [[-2000, -5000, -1.5707963267948966, 400, 0], [2000, 5000, 1.5707963267948966, 400, 0]]
   initial_car1 : [-2000.0, 56.835198507635596, 0.6282183474470062, 200.0, 0.0]
   initial_car2 : [1941.1785817381133, -3575.6156058627375, 0.8482202581377334, 400.0, 0.0]
