Name : one_general_long_1_4
Verification_runtime: 424.250s
Initial sets are: 
   car1 : [[-5000, -5000, -1.5707963267948966, 200, 0], [0, 0, 1.5707963267948966, 200, 0]]
   car2 : [[0, 0, 0, 0, 0], [0, 0, 0, 400, 0]]
