Name : initials_condition_3
Verification_runtime: 0.139s
Initial sets are: 
   car1 : [[-4000, -4000, -1.5707963267948966, 100, 0], [-3000, 2000, 1.5707963267948966, 200, 0]]
   car2 : [[-3000, -5000, -1.5707963267948966, 300, 0], [-1000, 5000, 1.5707963267948966, 400, 0]]
   initial_car1 : [-3796.2639277856033, -316.7407919480047, 0.05797777753645339, 157.8407097252271, 0.0]
   initial_car2 : [-1424.6752323879668, -4772.3551014326695, -1.0640821285265076, 360.8797114722645, 0.0]
