Name : initials_condition_1
Verification_runtime: 0.141s
Initial sets are: 
   car1 : [[-4000, -1000, -1.5707963267948966, 200, 0], [-3000, 1000, 1.5707963267948966, 100, 0]]
   car2 : [[-1000, -5000, -1.5707963267948966, 400, 0], [1000, 5000, 1.5707963267948966, 400, 0]]
Name : initials_condition_1
Verification_runtime: 0.155s
Initial sets are: 
   car1 : [[-4000, -1000, -1.5707963267948966, 200, 0], [-3000, 1000, 1.5707963267948966, 100, 0]]
   car2 : [[-1000, -5000, -1.5707963267948966, 400, 0], [1000, 5000, 1.5707963267948966, 400, 0]]
