Name : initials_condition_5
Verification_runtime: 0.140s
Initial sets are: 
   car1 : [[-7000, -7000, -1.5707963267948966, 0, 0], [-6000, 4000, 1.5707963267948966, 200, 0]]
   car2 : [[-3000, -5000, -1.5707963267948966, 200, 0], [-1000, 5000, 1.5707963267948966, 400, 0]]
   initial_car1 : [-6543.9273075386545, -4526.592884839447, 1.0379465653082396, 178.6574871899786, 0.0]
   initial_car2 : [-2014.4616983139351, -1036.711765216699, 0.08155388407763486, 344.7155630639125, 0.0]
