Name : two_CL_3_x_y
Verification_runtime: 49.251s
Initial sets are: 
   car1 : [[-100, -100, 1.5707963267948966, 200, 0], [100, 100, 1.5707963267948966, 200, 0]]
   car2 : [[5000, 0, 2.0003963267948963, 400, 0], [5000, 0, 2.0003963267948963, 400, 0]]
