Name : initials_condition_1
Verification_runtime: 0.122s
Initial sets are: 
   car1 : [[-4000, -1000, -1.5707963267948966, 200, 0], [-3000, 1000, 1.5707963267948966, 100, 0]]
   car2 : [[-1000, -5000, -1.5707963267948966, 400, 0], [1000, 5000, 1.5707963267948966, 400, 0]]
   initial_car1 : [-3875.861973749761, -783.0899916183187, 1.4156050233406763, 138.63948837281902, 0.0]
   initial_car2 : [-231.7432564931197, 998.3340342766096, 0.06723518168846443, 400.0, 0.0]
Name : initials_condition_2
Verification_runtime: 0.149s
Initial sets are: 
   car1 : [[-2000, -4000, -1.5707963267948966, 200, 0], [-2000, 2000, 1.5707963267948966, 200, 0]]
   car2 : [[-2000, -5000, -1.5707963267948966, 400, 0], [2000, 5000, 1.5707963267948966, 400, 0]]
   initial_car1 : [-2000.0, 532.398364020346, -1.4051177837192863, 200.0, 0.0]
   initial_car2 : [-790.7904472550204, -3971.1156422478534, 0.893806556339197, 400.0, 0.0]
