Name : one_general_long_CL_2
Verification_runtime: 32.427s
Initial sets are: 
   car1 : [[-10, 0, 1.5707963267948966, 462.6, 0], [10, 0, 1.5707963267948966, 462.6, 0]]
   car2 : [[0, -43736, 1.5707963267948966, 900, 0], [0, -43736, 1.5707963267948966, 900, 0]]
