Name : initials_condition_4
Verification_runtime: 0.174s
Initial sets are: 
   car1 : [[-4000, -4000, -1.5707963267948966, 300, 0], [-3000, 2000, 1.5707963267948966, 500, 0]]
   car2 : [[-3000, -5000, -1.5707963267948966, 400, 0], [-1000, 5000, 1.5707963267948966, 400, 0]]
   initial_car1 : [-3436.6647356564445, -2845.0294463116916, 1.0246207223703672, 467.0901454968015, 0.0]
   initial_car2 : [-2580.797450619625, 300.3161778927679, -1.1642482079014225, 400.0, 0.0]
