Name : initials_condition_4
Verification_runtime: 0.188s
Initial sets are: 
   car1 : [[-4000, -4000, -1.5707963267948966, 300, 0], [-3000, 2000, 1.5707963267948966, 500, 0]]
   car2 : [[-3000, -5000, -1.5707963267948966, 400, 0], [-1000, 5000, 1.5707963267948966, 400, 0]]
   initial_car1 : [-3754.8793014508688, 792.9698901859174, 0.2514222461780431, 474.253978093447, 0.0]
   initial_car2 : [-2114.281096638229, 4410.454155939546, -0.18197751952305596, 400.0, 0.0]
