Name : three_CL_3_x_y_theta
Verification_runtime: 84.886s
Initial sets are: 
   car1 : [[-100, -100, 1.5207963267948965, 200, 0], [100, 100, 1.5707963267948966, 200, 0]]
   car2 : [[5000, 0, 2.0003963267948963, 400, 0], [5000, 0, 2.0003963267948963, 400, 0]]
