Name : one_CL_3_y_long
Verification_runtime: 13.233s
Initial sets are: 
   car1 : [[-15000, -15000, -1.5707963267948966, 100, 0], [0, 0, 1.5707963267948966, 500, 0]]
   car2 : [[0, -15000, -1.5707963267948966, 0, 0], [15000, 0, 1.5707963267948966, 500, 0]]
