Name : initials_condition_3
Verification_runtime: 0.135s
Initial sets are: 
   car1 : [[-4000, -4000, -1.5707963267948966, 100, 0], [-3000, 2000, 1.5707963267948966, 200, 0]]
   car2 : [[-3000, -5000, -1.5707963267948966, 300, 0], [-1000, 5000, 1.5707963267948966, 400, 0]]
   initial_car1 : [-3744.1631440027777, 210.2621104664313, 1.5252952067782912, 127.71305615815454, 0.0]
   initial_car2 : [-1675.4956044474948, 4057.156609967553, -0.19492993939985936, 382.4692126213488, 0.0]
