Name : initials_condition_5
Verification_runtime: 0.268s
Initial sets are: 
   car1 : [[-7000, -7000, -1.5707963267948966, 0, 0], [-6000, 4000, 1.5707963267948966, 200, 0]]
   car2 : [[-3000, -5000, -1.5707963267948966, 200, 0], [-1000, 5000, 1.5707963267948966, 400, 0]]
   initial_car1 : [-6606.397621989246, -3636.7722555842283, -0.3764188878574075, 55.3097783425843, 0.0]
   initial_car2 : [-2070.880960230718, -4209.533389957318, 1.137068849653641, 382.8047553534, 0.0]
