Name : one_CL_3_theta
Verification_runtime: 549.927s
Initial sets are: 
   car1 : [[0, 0, 1.5207963267948965, 200, 0], [0, 0, 1.6207963267948966, 200, 0]]
   car2 : [[5000, 0, 2.0003963267948963, 400, 0], [5000, 0, 2.0003963267948963, 400, 0]]
