Name : safjdsl
Verification_runtime: 0.204s
Initial sets are: 
   car1 : [[-4000, -1000, -1.5707963267948966, 200, 0], [-3000, 1000, 1.5707963267948966, 100, 0]]
   car2 : [[-1000, -5000, -1.5707963267948966, 100, 0], [1000, 5000, 1.5707963267948966, 400, 0]]
   initial_car1 : [-3394.487289341464, 185.52872090633036, -0.14197290854531008, 197.48584173453446, 0.0]
   initial_car2 : [-2.028475855717602, -1828.4226678197124, 0.6734536823228625, 265.39536399602, 0.0]
Name : safjdsl
Verification_runtime: 0.222s
Initial sets are: 
   car1 : [[-4000, -1000, -1.5707963267948966, 200, 0], [-3000, 1000, 1.5707963267948966, 100, 0]]
   car2 : [[-1000, -5000, -1.5707963267948966, 100, 0], [1000, 5000, 1.5707963267948966, 400, 0]]
   initial_car1 : [-3989.393115711623, 401.4456310721289, 0.24018181793006654, 108.76462502805735, 0.0]
   initial_car2 : [-387.66509825497474, 17.55430926427016, 0.1940826997053593, 281.7273851717919, 0.0]
