Name : initials_condition_4
Verification_runtime: 0.192s
Initial sets are: 
   car1 : [[-4000, -4000, -1.5707963267948966, 300, 0], [-3000, 2000, 1.5707963267948966, 500, 0]]
   car2 : [[-3000, -5000, -1.5707963267948966, 400, 0], [-1000, 5000, 1.5707963267948966, 400, 0]]
   initial_car1 : [-3936.9460441694155, -1150.7865337592448, -0.14551220309069324, 478.99088473409563, 0.0]
   initial_car2 : [-2608.0008420227487, 3948.1646965746095, -0.9764959038231741, 400.0, 0.0]
