Name : initials_condition_2
Verification_runtime: 0.112s
Initial sets are: 
   car1 : [[-2000, -4000, -1.5707963267948966, 200, 0], [-2000, 2000, 1.5707963267948966, 200, 0]]
   car2 : [[-2000, -5000, -1.5707963267948966, 400, 0], [2000, 5000, 1.5707963267948966, 400, 0]]
Name : initials_condition_2
Verification_runtime: 0.106s
Initial sets are: 
   car1 : [[-2000, -4000, -1.5707963267948966, 200, 0], [-2000, 2000, 1.5707963267948966, 200, 0]]
   car2 : [[-2000, -5000, -1.5707963267948966, 400, 0], [2000, 5000, 1.5707963267948966, 400, 0]]
