Name : initials_condition_5
Verification_runtime: 0.128s
Initial sets are: 
   car1 : [[-7000, -7000, -1.5707963267948966, 0, 0], [-6000, 4000, 1.5707963267948966, 200, 0]]
   car2 : [[-3000, -5000, -1.5707963267948966, 200, 0], [-1000, 5000, 1.5707963267948966, 400, 0]]
   initial_car1 : [-6704.1850082414385, -5097.752417200485, -0.6971253271126525, 160.78877359634313, 0.0]
   initial_car2 : [-2986.5266514452032, -1558.656716996626, -0.27626589701851056, 349.46519593249707, 0.0]
