Name : initials_condition_4
Verification_runtime: 0.167s
Initial sets are: 
   car1 : [[-4000, -4000, -1.5707963267948966, 300, 0], [-3000, 2000, 1.5707963267948966, 500, 0]]
   car2 : [[-3000, -5000, -1.5707963267948966, 400, 0], [-1000, 5000, 1.5707963267948966, 400, 0]]
   initial_car1 : [-3180.743716201556, -875.6906994804726, 0.1762027393343022, 328.83900626107345, 0.0]
   initial_car2 : [-2412.0170719932953, 2038.9931766745176, -0.22916329606800212, 400.0, 0.0]
