Name : initials_condition_3
Verification_runtime: 0.342s
Initial sets are: 
   car1 : [[-4000, -4000, -1.5707963267948966, 100, 0], [-3000, 2000, 1.5707963267948966, 200, 0]]
   car2 : [[-3000, -5000, -1.5707963267948966, 300, 0], [-1000, 5000, 1.5707963267948966, 400, 0]]
   initial_car1 : [-3951.911184409594, 220.80339388673565, -0.5983896222274567, 155.70820242742423, 0.0]
   initial_car2 : [-1214.0609310150962, -2357.342077295779, -0.353704352866818, 374.98470023198684, 0.0]
