Name : initials_condition_1
Verification_runtime: 0.148s
Initial sets are: 
   car1 : [[-4000, -1000, -1.5707963267948966, 200, 0], [-3000, 1000, 1.5707963267948966, 100, 0]]
   car2 : [[-1000, -5000, -1.5707963267948966, 400, 0], [1000, 5000, 1.5707963267948966, 400, 0]]
   initial_car1 : [-3507.1715178689633, -336.94734546439804, 0.211274261630906, 196.91696191467426, 0.0]
   initial_car2 : [640.964547642516, 1383.7132738816972, -1.0554088326120876, 400.0, 0.0]
Name : initials_condition_2
Verification_runtime: 0.155s
Initial sets are: 
   car1 : [[-2000, -4000, -1.5707963267948966, 200, 0], [-2000, 2000, 1.5707963267948966, 200, 0]]
   car2 : [[-2000, -5000, -1.5707963267948966, 400, 0], [2000, 5000, 1.5707963267948966, 400, 0]]
   initial_car1 : [-2000.0, -203.88207228192414, 0.006054151550400011, 200.0, 0.0]
   initial_car2 : [-1540.3600268720334, 4626.282039185318, -1.2237125819022387, 400.0, 0.0]
